   8.617   0.016040  -0.008139   5.059681  -0.013561   0.010552   3.557176  -0.002479  -0.002413   0.000074
   8.656   0.010794   0.003340   6.076613  -0.006915   0.003025   2.579691  -0.003880  -0.006365   0.000022
   8.624  -0.003814  -0.011093   2.495951   0.004988   0.011680   6.128352  -0.001174  -0.000587   0.000041
   8.673  -0.000454  -0.015253   3.908104   0.033903  -0.013953   4.764449  -0.033449   0.029206   0.000171
   8.765  -0.008186   0.019221   6.616652   0.004364  -0.016130   2.147967   0.003821  -0.003091   0.000098
   8.642  -0.030082   0.023117   5.782417   0.049741  -0.034900   2.858531  -0.019659   0.011783   0.000770
   8.702  -0.018713   0.003321   5.390769   0.004259  -0.020549   3.311090   0.014454   0.017228   0.000100
   8.741   0.009271   0.004261   5.913741   0.012313   0.004306   2.827347  -0.021583  -0.008567   0.000039
   8.776   0.020964   0.005347   2.740203  -0.020323  -0.004130   6.035879  -0.000641  -0.001217   0.000121
   8.712  -0.002069  -0.011243   6.998081   0.001132   0.003783   1.714247   0.000937   0.007460   0.000014
