   8.641  -0.004182   0.005884   4.291943   0.008605  -0.003331   4.348675  -0.004423  -0.002553   0.000016
   8.654   0.007871  -0.000974   4.091165  -0.008282   0.000408   4.563287   0.000412   0.000566   0.000015
   8.676  -0.010606  -0.025885   1.003101   0.009672   0.026397   7.672771   0.000934  -0.000512   0.000442
   8.780   0.000386  -0.012659   7.786707  -0.005279  -0.000735   0.993442   0.004892   0.013394   0.000025
   8.645  -0.002315  -0.006694   0.533731   0.015073   0.001098   8.111576  -0.012758   0.005596   0.000061
   8.616  -0.004889  -0.008188   4.209465   0.007219   0.010046   4.406717  -0.002330  -0.001859   0.000028
   8.752  -0.010163   0.012620   8.230197   0.010432  -0.012572   0.521743  -0.000269  -0.000048   0.000272
   8.606   0.007968   0.002502   4.215722  -0.007498  -0.003982   4.389878  -0.000470   0.001480   0.000017
   8.679   0.009132   0.005284   2.591791  -0.009099  -0.004609   6.087616  -0.000033  -0.000675   0.000030
   8.660   0.005135   0.046135   4.620553  -0.043833  -0.034847   4.038445   0.038697  -0.011288   0.000621
