  0.2000E+00  0.1000E+02  0.3162E+01
  0.2200E+00  0.0000E+00  0.0000E+00
  0.2400E+00  0.0000E+00  0.0000E+00
  0.2600E+00  0.0000E+00  0.0000E+00
  0.2800E+00  0.0000E+00  0.0000E+00
  0.3000E+00  0.0000E+00  0.0000E+00
  0.3200E+00  0.0000E+00  0.0000E+00
  0.3400E+00  0.0000E+00  0.0000E+00
  0.3600E+00  0.0000E+00  0.0000E+00
  0.3800E+00  0.0000E+00  0.0000E+00
  0.4000E+00  0.0000E+00  0.0000E+00
  0.4200E+00  0.0000E+00  0.0000E+00
  0.4400E+00  0.0000E+00  0.0000E+00
  0.4600E+00  0.0000E+00  0.0000E+00
  0.4800E+00  0.0000E+00  0.0000E+00
  0.5000E+00  0.0000E+00  0.0000E+00
  0.5200E+00  0.0000E+00  0.0000E+00
  0.5400E+00  0.0000E+00  0.0000E+00
  0.5600E+00  0.0000E+00  0.0000E+00
  0.5800E+00  0.0000E+00  0.0000E+00
  0.6000E+00  0.0000E+00  0.0000E+00
  0.6200E+00  0.0000E+00  0.0000E+00
  0.6400E+00  0.0000E+00  0.0000E+00
  0.6600E+00  0.0000E+00  0.0000E+00
  0.6800E+00  0.0000E+00  0.0000E+00
  0.7000E+00  0.0000E+00  0.0000E+00
  0.7200E+00  0.0000E+00  0.0000E+00
  0.7400E+00  0.0000E+00  0.0000E+00
  0.7600E+00  0.0000E+00  0.0000E+00
  0.7800E+00  0.0000E+00  0.0000E+00
  0.8000E+00  0.0000E+00  0.0000E+00
  0.8200E+00  0.0000E+00  0.0000E+00
  0.8400E+00  0.0000E+00  0.0000E+00
  0.8600E+00  0.0000E+00  0.0000E+00
  0.8800E+00  0.0000E+00  0.0000E+00
  0.9000E+00  0.0000E+00  0.0000E+00
  0.9200E+00  0.0000E+00  0.0000E+00
  0.9400E+00  0.0000E+00  0.0000E+00
  0.9600E+00  0.0000E+00  0.0000E+00
  0.9800E+00  0.0000E+00  0.0000E+00
  0.1000E+01  0.0000E+00  0.0000E+00
  0.1020E+01  0.0000E+00  0.0000E+00
  0.1040E+01  0.0000E+00  0.0000E+00
  0.1060E+01  0.0000E+00  0.0000E+00
  0.1080E+01  0.0000E+00  0.0000E+00
  0.1100E+01  0.0000E+00  0.0000E+00
  0.1120E+01  0.0000E+00  0.0000E+00
  0.1140E+01  0.0000E+00  0.0000E+00
  0.1160E+01  0.0000E+00  0.0000E+00
  0.1180E+01  0.0000E+00  0.0000E+00
  0.1200E+01  0.0000E+00  0.0000E+00
  0.1220E+01  0.0000E+00  0.0000E+00
  0.1240E+01  0.0000E+00  0.0000E+00
  0.1260E+01  0.0000E+00  0.0000E+00
  0.1280E+01  0.0000E+00  0.0000E+00
  0.1300E+01  0.0000E+00  0.0000E+00
  0.1320E+01  0.0000E+00  0.0000E+00
  0.1340E+01  0.0000E+00  0.0000E+00
  0.1360E+01  0.0000E+00  0.0000E+00
  0.1380E+01  0.0000E+00  0.0000E+00
  0.1400E+01  0.0000E+00  0.0000E+00
  0.1420E+01  0.0000E+00  0.0000E+00
  0.1440E+01  0.0000E+00  0.0000E+00
  0.1460E+01  0.0000E+00  0.0000E+00
  0.1480E+01  0.0000E+00  0.0000E+00
  0.1500E+01  0.0000E+00  0.0000E+00
  0.1520E+01  0.0000E+00  0.0000E+00
  0.1540E+01  0.0000E+00  0.0000E+00
  0.1560E+01  0.0000E+00  0.0000E+00
  0.1580E+01  0.0000E+00  0.0000E+00
  0.1600E+01  0.0000E+00  0.0000E+00
  0.1620E+01  0.0000E+00  0.0000E+00
  0.1640E+01  0.0000E+00  0.0000E+00
  0.1660E+01  0.0000E+00  0.0000E+00
  0.1680E+01  0.0000E+00  0.0000E+00
  0.1700E+01  0.0000E+00  0.0000E+00
  0.1720E+01  0.0000E+00  0.0000E+00
  0.1740E+01  0.0000E+00  0.0000E+00
  0.1760E+01  0.0000E+00  0.0000E+00
  0.1780E+01  0.0000E+00  0.0000E+00
  0.1800E+01  0.0000E+00  0.0000E+00
  0.1820E+01  0.0000E+00  0.0000E+00
  0.1840E+01  0.0000E+00  0.0000E+00
  0.1860E+01  0.0000E+00  0.0000E+00
  0.1880E+01  0.0000E+00  0.0000E+00
  0.1900E+01  0.0000E+00  0.0000E+00
  0.1920E+01  0.0000E+00  0.0000E+00
  0.1940E+01  0.0000E+00  0.0000E+00
  0.1960E+01  0.0000E+00  0.0000E+00
  0.1980E+01  0.0000E+00  0.0000E+00
  0.2000E+01  0.0000E+00  0.0000E+00
  0.2020E+01  0.0000E+00  0.0000E+00
  0.2040E+01  0.0000E+00  0.0000E+00
  0.2060E+01  0.0000E+00  0.0000E+00
  0.2080E+01  0.0000E+00  0.0000E+00
  0.2100E+01  0.0000E+00  0.0000E+00
  0.2120E+01  0.0000E+00  0.0000E+00
  0.2140E+01  0.0000E+00  0.0000E+00
  0.2160E+01  0.0000E+00  0.0000E+00
  0.2180E+01  0.0000E+00  0.0000E+00
  0.2200E+01  0.0000E+00  0.0000E+00
  0.2220E+01  0.0000E+00  0.0000E+00
  0.2240E+01  0.0000E+00  0.0000E+00
  0.2260E+01  0.0000E+00  0.0000E+00
  0.2280E+01  0.0000E+00  0.0000E+00
  0.2300E+01  0.0000E+00  0.0000E+00
  0.2320E+01  0.0000E+00  0.0000E+00
  0.2340E+01  0.0000E+00  0.0000E+00
  0.2360E+01  0.0000E+00  0.0000E+00
  0.2380E+01  0.0000E+00  0.0000E+00
  0.2400E+01  0.0000E+00  0.0000E+00
  0.2420E+01  0.0000E+00  0.0000E+00
  0.2440E+01  0.0000E+00  0.0000E+00
  0.2460E+01  0.0000E+00  0.0000E+00
  0.2480E+01  0.0000E+00  0.0000E+00
  0.2500E+01  0.0000E+00  0.0000E+00
  0.2520E+01  0.0000E+00  0.0000E+00
  0.2540E+01  0.0000E+00  0.0000E+00
  0.2560E+01  0.0000E+00  0.0000E+00
  0.2580E+01  0.0000E+00  0.0000E+00
  0.2600E+01  0.0000E+00  0.0000E+00
  0.2620E+01  0.0000E+00  0.0000E+00
  0.2640E+01  0.0000E+00  0.0000E+00
  0.2660E+01  0.0000E+00  0.0000E+00
  0.2680E+01  0.0000E+00  0.0000E+00
  0.2700E+01  0.0000E+00  0.0000E+00
  0.2720E+01  0.0000E+00  0.0000E+00
  0.2740E+01  0.0000E+00  0.0000E+00
  0.2760E+01  0.0000E+00  0.0000E+00
  0.2780E+01  0.0000E+00  0.0000E+00
  0.2800E+01  0.0000E+00  0.0000E+00
  0.2820E+01  0.0000E+00  0.0000E+00
  0.2840E+01  0.0000E+00  0.0000E+00
  0.2860E+01  0.0000E+00  0.0000E+00
  0.2880E+01  0.0000E+00  0.0000E+00
  0.2900E+01  0.0000E+00  0.0000E+00
  0.2920E+01  0.0000E+00  0.0000E+00
  0.2940E+01  0.0000E+00  0.0000E+00
  0.2960E+01  0.0000E+00  0.0000E+00
  0.2980E+01  0.0000E+00  0.0000E+00
  0.3000E+01  0.0000E+00  0.0000E+00
  0.3020E+01  0.0000E+00  0.0000E+00
  0.3040E+01  0.0000E+00  0.0000E+00
  0.3060E+01  0.0000E+00  0.0000E+00
  0.3080E+01  0.0000E+00  0.0000E+00
  0.3100E+01  0.0000E+00  0.0000E+00
  0.3120E+01  0.0000E+00  0.0000E+00
  0.3140E+01  0.0000E+00  0.0000E+00
  0.3160E+01  0.0000E+00  0.0000E+00
  0.3180E+01  0.0000E+00  0.0000E+00
  0.3200E+01  0.0000E+00  0.0000E+00
  0.3220E+01  0.0000E+00  0.0000E+00
  0.3240E+01  0.0000E+00  0.0000E+00
  0.3260E+01  0.0000E+00  0.0000E+00
  0.3280E+01  0.0000E+00  0.0000E+00
  0.3300E+01  0.0000E+00  0.0000E+00
  0.3320E+01  0.0000E+00  0.0000E+00
  0.3340E+01  0.0000E+00  0.0000E+00
  0.3360E+01  0.0000E+00  0.0000E+00
  0.3380E+01  0.0000E+00  0.0000E+00
  0.3400E+01  0.0000E+00  0.0000E+00
  0.3420E+01  0.0000E+00  0.0000E+00
  0.3440E+01  0.0000E+00  0.0000E+00
  0.3460E+01  0.0000E+00  0.0000E+00
  0.3480E+01  0.0000E+00  0.0000E+00
  0.3500E+01  0.0000E+00  0.0000E+00
  0.3520E+01  0.0000E+00  0.0000E+00
  0.3540E+01  0.0000E+00  0.0000E+00
  0.3560E+01  0.0000E+00  0.0000E+00
  0.3580E+01  0.0000E+00  0.0000E+00
  0.3600E+01  0.0000E+00  0.0000E+00
  0.3620E+01  0.0000E+00  0.0000E+00
  0.3640E+01  0.0000E+00  0.0000E+00
  0.3660E+01  0.0000E+00  0.0000E+00
  0.3680E+01  0.0000E+00  0.0000E+00
  0.3700E+01  0.0000E+00  0.0000E+00
  0.3720E+01  0.0000E+00  0.0000E+00
  0.3740E+01  0.0000E+00  0.0000E+00
  0.3760E+01  0.0000E+00  0.0000E+00
  0.3780E+01  0.0000E+00  0.0000E+00
  0.3800E+01  0.0000E+00  0.0000E+00
  0.3820E+01  0.0000E+00  0.0000E+00
  0.3840E+01  0.0000E+00  0.0000E+00
  0.3860E+01  0.0000E+00  0.0000E+00
  0.3880E+01  0.0000E+00  0.0000E+00
  0.3900E+01  0.0000E+00  0.0000E+00
  0.3920E+01  0.0000E+00  0.0000E+00
  0.3940E+01  0.0000E+00  0.0000E+00
  0.3960E+01  0.0000E+00  0.0000E+00
  0.3980E+01  0.0000E+00  0.0000E+00
  0.4000E+01  0.0000E+00  0.0000E+00
  0.4020E+01  0.0000E+00  0.0000E+00
  0.4040E+01  0.0000E+00  0.0000E+00
  0.4060E+01  0.0000E+00  0.0000E+00
  0.4080E+01  0.0000E+00  0.0000E+00
  0.4100E+01  0.0000E+00  0.0000E+00
  0.4120E+01  0.0000E+00  0.0000E+00
  0.4140E+01  0.0000E+00  0.0000E+00
  0.4160E+01  0.0000E+00  0.0000E+00
  0.4180E+01  0.0000E+00  0.0000E+00
  0.4200E+01  0.0000E+00  0.0000E+00
